%year	month	day	sea-air CO2 flux (mmol m^-2 d^-1)
2014	12	19	1.19
2014	12	20	4.72
2014	12	21	0.20
2014	12	22	0.39
2014	12	23	4.99
2014	12	24	0.28
2014	12	25	0.79
2014	12	26	0.23
2014	12	27	2.21
2014	12	28	2.74
2014	12	29	9.16
2014	12	30	0.45
2014	12	31	0.30
2015	1	1	0.23
2015	1	2	0.24
2015	1	3	0.87
2015	1	4	1.90
2015	1	5	0.09
2015	1	6	0.14
2015	1	7	0.15
2015	1	8	0.18
2015	1	9	0.10
2015	1	10	0.09
2015	1	11	0.14
2015	1	12	0.07
2015	1	13	0.07
2015	1	14	0.43
2015	1	15	1.04
2015	1	24	0.57
2015	1	25	0.99
2015	1	26	0.57
2015	1	27	0.83
2015	1	28	0.34
2015	1	29	0.24
2015	1	30	0.16
2015	2	1	0.20
2015	2	2	0.56
2015	2	3	0.03
2015	2	4	0.03
2015	2	5	1.22
2015	2	6	0.96
2015	2	7	0.64
2015	2	8	1.00
2015	2	9	0.17
2015	2	10	0.01
2015	2	12	1.00
2015	2	13	0.44
2015	2	14	0.59
2015	2	15	0.30
2015	2	16	0.08
2015	2	17	0.07
2015	2	18	0.17
2015	2	19	0.04
2015	2	20	0.65
2015	2	21	0.27
2015	2	22	0.24
2015	2	23	0.25
2015	2	24	0.45
2015	2	25	0.19
2015	2	26	0.47
2015	2	27	2.30
2015	2	28	3.45
2015	3	1	0.07
2015	3	2	-2.18
2015	3	3	-0.80
2015	3	4	-0.69
2015	3	5	-0.19
2015	3	6	-0.36
2015	3	7	-0.52
2015	3	8	-0.59
2015	3	9	-0.56
2015	3	10	-0.41
2015	3	11	-1.03
2015	3	25	-0.41
2015	3	26	-0.20
2015	3	27	-0.07
2015	3	28	-0.06
2015	3	29	0.16
2015	3	30	0.09
2015	3	31	0.27
2015	4	1	0.08
2015	4	2	0.19
2015	4	3	0.64
2015	4	4	0.04
2015	4	5	-0.08
2015	4	6	-0.18
2015	4	7	-0.27
2015	4	8	-0.82
2015	4	9	-0.16
2015	4	10	-3.77
2015	4	11	-1.26
2015	4	12	-2.20
2015	4	13	-9.39
2015	4	14	-1.31
2015	4	15	-0.65
2015	4	16	-0.96
2015	4	17	-4.84
2015	4	18	-2.00
2015	4	19	-0.66
2015	4	20	-0.69
2015	4	21	-1.96
2015	4	22	-2.73
2015	4	23	-7.39
2015	4	24	-0.98
2015	4	25	-1.20
2015	4	26	-2.55
2015	4	27	-1.20
2015	4	28	-1.10
2015	4	29	-1.28
2015	4	30	-1.06
2015	5	1	-4.33
2015	5	2	-4.52
2015	5	3	-1.02
2015	5	4	-2.09
2015	5	5	-0.99
2015	5	6	-1.31
2015	5	7	-0.70
2015	5	8	-0.87
2015	5	9	-0.26
2015	5	10	-0.26
2015	5	11	-0.98
2015	5	12	-1.35
2015	5	13	-0.54
2015	5	14	-0.93
2015	5	15	-0.61
2015	5	16	-1.00
2015	5	17	-0.91
2015	5	18	-0.60
2015	5	19	-0.91
2015	5	20	-1.26
2015	5	21	-0.83
2015	5	22	-0.99
2015	5	23	-0.48
2015	5	26	-1.82
2015	5	27	-1.57
2015	6	1	-2.34
2015	6	2	-1.12
2015	6	3	-0.59
2015	6	4	-0.97
2015	6	5	-0.37
2015	6	6	-2.73
2015	6	7	-1.17
2015	6	8	-3.64
2015	6	9	-3.55
2015	6	10	0.00
2015	6	11	11.04
2015	6	12	37.66
2015	6	13	8.64
2015	6	14	1.42
2015	6	15	-0.07
2015	6	16	-0.27
2015	6	19	-4.34
2015	6	20	-1.99
2015	6	22	-5.03
2015	6	23	-1.83
2015	6	24	-0.34
2015	6	25	-0.45
2015	6	26	-1.05
2015	6	27	-2.83
2015	6	28	-1.80
2015	6	29	-1.41
2015	6	30	-5.72
2015	7	1	-2.18
2015	7	2	-3.18
2015	7	3	-2.85
2015	7	4	-5.25
2015	7	5	-0.76
2015	7	6	-0.03
2015	7	7	-0.57
2015	7	8	-0.67
2015	7	9	-1.06
2015	7	10	-3.31
2015	7	11	-0.72
2015	7	12	-0.95
2015	7	13	-1.02
2015	7	14	-2.34
2015	7	15	-2.65
2015	7	16	-10.26
2015	7	17	-7.69
2015	7	18	-1.56
2015	7	19	1.16
2015	7	20	0.80
2015	7	21	-1.77
2015	7	22	-3.33
2015	7	23	-3.54
2015	7	24	-0.24
2015	7	27	-4.59
2015	7	28	-0.30
2015	7	29	-0.54
2015	7	30	-0.55
2015	7	31	-0.91
2015	8	1	-2.28
2015	8	2	-2.12
2015	8	3	-4.04
2015	8	14	-0.76
2015	8	15	-0.37
2015	8	28	-1.91
2015	8	29	-1.07
2015	8	30	-0.70
2015	9	1	-1.56
2015	9	2	-0.28
2015	9	3	-0.43
2015	9	4	-0.20
2015	9	5	-0.18
2015	9	6	-0.47
2015	9	7	-0.40
2015	9	8	-0.66
2015	9	9	-0.56
2015	9	10	-0.44
2015	9	11	-0.51
2015	9	12	-1.80
2015	9	13	-0.97
2015	9	14	3.04
2015	9	15	0.84
2015	9	16	0.37
2015	9	17	0.18
2015	9	18	0.19
2015	9	19	0.14
2015	9	20	1.42
2015	9	21	1.00
2015	9	22	0.40
2015	9	23	0.82
2015	9	24	0.59
2015	9	25	0.28
2015	9	26	2.32
2015	9	27	0.84
2015	9	28	0.34
2015	9	29	0.28
2015	9	30	0.15
2015	10	1	0.05
2015	10	2	-19.53
2015	10	3	-0.83
2015	10	4	-0.20
2015	10	5	-0.19
2015	10	6	-0.16
2015	10	9	-0.60
2015	10	10	-0.20
2015	10	11	-0.02
2015	10	12	0.25
2015	10	13	0.34
2015	10	14	0.24
2015	10	15	0.09
2015	10	16	0.09
2015	10	17	0.08
2015	10	18	0.16
2015	10	19	0.17
2015	10	20	0.40
2015	10	21	0.40
2015	10	22	0.46
2015	10	23	0.15
2015	10	24	0.66
2015	10	25	0.25
2015	10	26	0.23
2015	10	27	0.18
2015	10	28	0.43
2015	10	29	0.39
2015	10	30	0.86
2015	11	1	2.31
2015	11	2	2.02
2015	11	3	1.57
2015	11	4	0.15
2015	11	5	0.92
2015	11	6	3.15
2015	11	7	0.80
2015	11	8	0.28
2015	11	9	0.08
2015	11	10	1.20
2015	11	11	0.52
2015	11	12	4.25
2015	11	13	0.15
2015	11	14	0.47
2015	11	15	5.45
2015	11	16	12.04
2015	11	19	3.20
2015	11	20	0.50
2015	11	21	0.30
2015	11	22	0.23
2015	11	23	1.62
2015	11	24	8.68
2015	11	25	0.74
2015	11	26	0.28
2015	11	27	0.33
2015	11	28	0.67
2015	11	29	1.21
2015	11	30	3.22
2015	12	2	3.94
2015	12	3	2.93
2015	12	4	0.54
2015	12	5	18.84
2015	12	6	6.85
2015	12	7	3.78
2015	12	8	1.71
2015	12	9	1.46
2015	12	10	9.37
2015	12	11	1.79
2015	12	12	14.10
2015	12	13	2.82
2015	12	14	5.92
2015	12	15	0.37
2015	12	16	0.51
2015	12	17	1.35
2015	12	18	0.10
2015	12	19	1.35
2015	12	20	1.62
2015	12	21	2.43
2015	12	22	1.15
2015	12	23	12.23
2015	12	24	0.10
2016	1	5	0.79
2016	1	6	0.33
2016	1	7	0.28
2016	1	8	0.47
2016	1	9	0.24
2016	1	10	0.13
2016	1	11	0.32
2016	1	12	0.93
2016	1	13	0.43
2016	1	14	0.12
2016	1	15	0.52
2016	1	16	4.88
2016	1	17	0.75
2016	1	18	1.84
2016	1	19	0.40
2016	1	20	1.85
2016	1	21	1.69
2016	2	18	0.60
2016	2	19	1.02
2016	2	20	0.43
2016	2	22	0.10
2016	2	23	0.38
2016	2	24	0.18
2016	2	25	0.13
2016	2	26	0.02
2016	2	27	0.18
2016	2	28	1.99
2016	3	4	0.79
2016	3	5	1.27
2016	3	6	0.03
2016	3	7	1.82
2016	3	8	2.22
2016	3	9	2.48
2016	3	10	1.80
2016	3	16	4.22
2016	3	17	0.41
2016	3	18	0.09
2016	3	19	0.05
2016	3	20	0.12
2016	3	21	0.26
2016	3	22	0.23
2016	3	23	1.48
2016	3	24	0.45
2016	3	25	0.38
2016	3	26	0.16
2016	3	27	2.99
2016	3	28	1.24
2016	3	29	0.24
2016	4	4	-3.74
2016	4	5	-1.97
2016	4	6	-0.47
2016	4	7	-0.29
2016	4	8	-6.56
2016	4	9	-3.38
2016	4	10	-0.33
2016	4	12	-5.30
2016	4	13	-3.35
2016	4	14	-1.37
2016	4	15	-1.10
2016	4	16	-2.97
2016	4	17	-0.45
2016	4	18	-0.15
2016	4	19	-0.41
2016	4	20	-0.45
2016	4	21	-0.74
2016	4	22	-0.59
2016	4	28	-0.11
2016	4	29	-1.07
2016	4	30	0.03
2016	5	1	0.32
2016	5	2	0.03
2016	5	4	-13.83
2016	5	5	-2.55
2016	5	6	-1.40
2016	5	7	-3.04
2016	5	8	-21.42
2016	5	9	0.57
2016	5	10	-0.53
2016	5	13	-0.81
2016	5	14	-1.12
2016	5	15	-3.12
2016	5	16	-3.47
2016	5	17	-2.93
2016	5	18	-4.32
2016	5	19	-9.37
2016	5	20	-3.80
2016	5	21	-4.22
2016	5	22	-4.05
2016	5	23	-5.24
2016	5	24	-3.26
2016	5	25	-4.97
2016	5	26	-10.07
2016	5	27	-3.71
2016	5	28	-0.75
2016	5	29	-3.12
2016	5	30	-2.15
2016	5	31	-0.50
2016	6	1	-0.79
2016	6	2	-2.47
2016	6	3	-1.18
2016	6	8	-0.90
2016	6	9	-2.52
2016	6	10	-0.69
2016	6	11	-0.86
2016	6	12	-0.26
2016	6	13	-1.26
2016	6	14	-0.49
2016	6	15	-0.50
2016	6	16	-6.43
2016	6	17	-1.27
2016	6	18	-0.56
2016	6	19	-0.12
2016	6	20	-0.68
2016	6	21	-0.96
2016	6	22	-0.82
2016	6	23	-0.67
2016	6	24	-0.41
2016	6	25	-0.55
2016	6	26	-0.62
2016	6	27	-0.27
2016	6	28	-0.36
2016	7	15	-11.31
2016	7	16	-3.72
2016	7	17	-1.38
2016	7	18	-1.40
2016	7	19	-1.53
2016	7	20	-0.26
2016	7	21	-1.14
2016	7	22	-1.40
2016	7	23	-1.75
2016	7	24	-0.50
2016	7	25	-0.38
2016	7	26	-1.72
2016	7	27	-0.98
2016	7	28	-1.11
2016	7	29	-2.65
2016	7	30	7.07
2016	7	31	16.72
2016	8	1	0.34
2016	8	2	-0.36
2016	8	3	-0.41
2016	8	4	-1.23
2016	8	5	-2.13
2016	8	6	-0.24
2016	8	7	-0.22
2016	8	8	-0.13
2016	8	9	-0.41
2016	8	10	-0.11
2016	8	11	-7.45
2016	8	12	-1.71
2016	8	13	-1.89
2016	8	14	-3.30
2016	8	15	-2.64
2016	8	16	-5.24
2016	8	17	-5.28
2016	8	18	-1.21
2016	8	19	-1.03
2016	8	20	-4.49
2016	8	21	-8.99
2016	8	22	-5.30
2016	8	23	-2.71
2016	8	24	-0.76
2016	8	25	-1.70
2016	8	26	-1.58
2016	8	27	-17.86
2016	8	28	-1.41
2016	8	29	-0.16
2016	8	30	-0.10
2016	8	31	-0.30
2016	9	1	-0.23
2016	9	2	-0.10
2016	9	3	-0.18
2016	9	4	-0.23
2016	9	5	-0.03
2016	9	6	-0.24
2016	9	7	-0.01
2016	9	8	-0.50
2016	9	9	0.05
2016	9	10	0.00
2016	9	23	-0.46
2016	9	24	-0.12
2016	9	25	-0.37
2016	9	26	-0.01
2016	9	27	-0.02
2016	9	28	0.01
2016	9	29	-0.05
2016	9	30	-0.04
2016	10	1	-0.02
2016	10	2	0.00
2016	10	3	0.02
2016	10	4	0.44
2016	10	5	0.75
2016	10	6	1.08
2016	10	7	4.98
2016	10	8	0.24
2016	10	9	0.59
2016	10	10	0.74
2016	10	11	0.20
2016	10	12	0.26
2016	10	13	0.54
2016	10	14	1.85
2016	10	15	0.98
2016	10	16	1.21
2016	10	17	0.29
2016	10	18	0.53
2016	10	19	1.16
2016	10	20	2.63
2016	10	28	0.42
2016	10	29	0.56
2016	10	30	1.00
2016	10	31	0.33
2016	11	1	3.05
2016	11	2	4.16
2016	11	3	3.43
2016	11	4	3.35
2016	11	5	1.81
2016	11	6	0.91
2016	11	7	3.39
2016	11	8	2.79
2016	11	9	0.60
2016	11	10	0.64
2016	11	11	0.31
2016	11	12	0.39
2016	11	13	3.84
2016	11	14	0.70
2016	11	15	0.52
2016	11	16	0.29
2016	11	17	0.27
2016	11	18	0.65
2016	11	19	1.85
2016	11	20	3.79
2016	11	21	0.76
2016	11	22	10.41
2016	11	23	1.54
2016	11	24	4.79
2016	11	25	2.36
2016	11	26	0.21
2016	11	27	4.93
2016	11	28	0.87
2016	11	29	2.41
2016	11	30	5.92
2016	12	1	1.10
2016	12	2	3.03
2016	12	3	0.41
2016	12	4	2.43
2016	12	5	0.41
2016	12	6	1.38
2016	12	7	0.78
2016	12	8	0.62
2016	12	9	2.29
2016	12	10	0.35
2016	12	11	0.28
2016	12	12	0.62
2016	12	13	0.95
2016	12	14	0.37
2016	12	15	0.58
2016	12	16	1.75
2016	12	17	0.71
2016	12	18	8.66
2016	12	19	3.83
2016	12	20	7.00
2016	12	21	2.14
2016	12	22	5.25
2016	12	23	0.70
2016	12	24	1.11
2016	12	25	1.03
2016	12	26	15.94
2016	12	27	1.42
2016	12	28	1.76
2016	12	29	11.24
2016	12	30	4.12
2016	12	31	0.63
2017	1	1	6.77
2017	1	2	2.97
2017	1	3	1.36
2017	1	4	0.60
2017	1	5	0.37
2017	1	6	9.01
2017	1	7	4.00
2017	1	8	1.16
2017	1	9	0.27
2017	1	10	8.19
2017	1	11	5.12
2017	1	12	1.19
2017	1	13	0.51
2017	1	14	0.37
2017	1	15	0.40
2017	1	16	0.65
2017	1	17	4.49
2017	1	18	3.95
2017	1	19	1.90
2017	1	20	3.53
2017	1	21	0.49
2017	1	22	0.47
2017	1	23	0.38
2017	1	24	0.24
2017	1	25	0.10
2017	1	26	0.13
2017	1	27	1.57
2017	1	28	2.00
2017	1	29	2.76
2017	1	30	1.38
2017	1	31	1.56
2017	2	1	1.67
2017	2	2	0.73
2017	2	3	0.53
2017	2	4	2.39
2017	2	5	2.09
2017	2	6	3.16
2017	2	7	2.11
2017	2	8	0.96
2017	2	9	0.12
2017	2	10	1.40
2017	2	11	0.49
2017	2	12	2.14
2017	2	13	0.28
2017	2	14	1.22
2017	2	15	2.37
2017	2	16	2.91
2017	2	17	0.32
2017	2	18	0.30
2017	2	19	0.41
2017	2	20	0.20
2017	2	21	0.17
2017	2	22	0.28
2017	2	23	0.52
2017	2	24	0.31
2017	2	25	0.40
2017	2	26	1.31
2017	2	27	0.36
2017	2	28	1.11
2017	3	1	1.32
2017	3	2	0.37
2017	3	3	1.07
2017	3	4	0.65
2017	3	5	0.45
2017	3	6	1.45
2017	3	7	0.58
2017	3	8	1.38
2017	3	9	0.86
2017	3	10	0.20
2017	3	11	1.59
2017	3	12	0.86
2017	3	13	1.44
2017	3	14	0.74
2017	3	15	0.26
2017	3	16	0.38
2017	3	17	1.29
2017	3	18	1.00
2017	3	19	0.54
2017	3	20	0.21
2017	3	21	0.03
2017	3	22	0.18
2017	3	23	0.44
2017	3	24	1.19
2017	3	25	0.19
2017	3	26	2.04
2017	3	27	0.62
2017	3	28	0.30
2017	3	29	0.32
2017	3	30	-0.04
2017	3	31	0.07
2017	4	2	0.21
2017	4	3	-0.02
2017	4	4	-0.04
2017	4	5	-0.11
2017	4	6	-0.13
2017	4	7	-0.24
2017	4	8	-0.56
2017	4	9	-0.75
2017	4	10	-1.42
2017	4	11	-0.14
2017	4	12	-0.12
2017	4	13	-0.47
2017	4	14	-1.48
2017	4	15	-2.50
2017	4	16	-0.76
2017	4	17	-0.23
2017	4	18	-3.49
2017	4	19	-3.83
2017	4	20	-2.59
2017	4	21	-1.42
2017	4	22	-1.71
2017	4	23	-5.00
2017	4	24	-1.86
2017	4	25	-1.91
2017	4	26	-1.29
2017	4	27	-12.92
2017	4	28	-7.75
2017	4	29	-5.07
2017	4	30	-3.12
2017	5	1	-2.05
2017	5	2	-1.27
2017	5	3	-0.66
2017	5	4	-0.05
2017	5	5	-1.39
2017	5	6	-1.36
2017	5	7	-1.78
2017	5	8	-0.26
2017	5	9	-0.32
2017	5	10	-0.42
2017	5	11	-1.52
2017	5	12	-3.54
2017	5	13	-1.87
2017	5	14	-1.76
2017	5	15	-0.42
2017	5	16	-12.46
2017	5	17	-1.58
2017	5	18	-0.86
2017	5	19	-0.80
2017	5	20	-0.92
2017	5	21	-0.51
2017	5	22	-0.37
2017	5	23	-0.99
2017	5	25	-0.22
2017	5	26	-0.24
2017	5	27	-0.19
2017	5	28	-0.16
2017	5	29	-0.50
2017	6	2	-7.55
2017	6	4	-6.23
2017	6	5	-1.50
2017	6	6	-0.55
2017	6	7	-0.27
2017	6	8	-0.96
2017	6	9	-1.96
2017	6	10	-1.76
2017	6	11	-3.48
2017	6	12	-3.60
2017	6	13	-2.75
2017	6	14	-1.60
2017	6	15	-5.26
2017	6	16	-0.79
2017	6	17	-1.26
2017	6	18	-2.20
2017	6	19	-0.28
2017	6	20	-4.18
2017	6	21	-7.77
2017	6	22	-2.40
2017	6	23	-0.57
2017	6	24	-0.73
2017	6	25	-0.22
2017	6	26	-1.42
2017	6	27	-26.09
2017	6	28	-5.41
2017	6	29	-0.62
2017	6	30	-0.48
2017	7	1	-1.67
2017	7	2	-1.69
2017	7	3	-6.50
2017	7	4	-1.66
2017	7	5	-0.35
2017	7	6	-0.44
2017	7	7	-0.20
2017	7	8	-1.71
2017	7	9	-4.20
2017	7	10	-3.66
2017	7	12	-2.03
2017	7	13	-1.86
2017	7	14	-0.89
2017	7	15	-2.37
2017	7	16	-4.23
2017	7	17	-2.12
2017	7	18	-0.90
2017	7	19	-1.43
2017	7	20	-1.49
2017	7	21	-0.48
2017	7	22	-3.87
2017	7	23	-2.96
2017	7	24	-2.63
2017	7	25	-0.71
2017	7	26	-0.27
2017	7	27	-0.61
2017	7	28	-0.55
2017	7	29	-0.79
2017	7	30	-0.51
2017	7	31	-0.97
2017	8	1	-1.15
2017	8	2	-0.76
2017	8	3	-1.11
2017	8	4	-1.23
2017	8	5	-0.10
2017	8	6	-0.04
2017	8	7	-0.02
2017	8	18	-15.58
2017	8	19	-4.27
2017	8	20	-1.73
2017	8	21	-0.39
2017	8	22	-0.47
2017	8	23	-0.35
2017	8	24	-1.30
2017	8	25	-1.30
2017	8	26	-0.49
2017	8	27	-1.45
2017	8	28	-0.78
2017	8	29	-0.24
2017	8	30	-1.14
2017	8	31	-0.63
2017	9	1	-0.63
2017	9	2	-0.23
2017	9	3	-0.84
2017	9	4	-1.30
2017	9	5	-0.32
2017	9	6	-0.20
2017	9	7	-0.70
2017	9	8	-0.30
2017	9	9	-1.15
2017	9	10	-0.30
2017	9	11	-0.46
2017	9	12	-5.88
2017	9	13	-2.56
2017	9	14	-1.52
2017	9	15	-0.46
2017	9	16	-0.51
2017	9	17	-3.43
2017	9	18	-1.56
2017	9	19	-0.29
2017	9	20	-0.86
2017	9	21	-1.02
2017	9	22	-0.56
2017	9	23	-0.45
2017	9	24	-0.17
2017	9	25	-0.19
2017	9	26	-0.07
2017	9	27	-0.07
2017	9	28	-0.07
2017	9	29	-0.17
2017	9	30	-0.43
2017	10	1	-2.80
2017	10	2	-2.09
2017	10	3	-0.67
2017	10	4	-0.05
2017	10	5	-0.01
2017	10	6	-0.14
2017	10	7	-0.29
2017	10	8	-1.27
2017	10	9	-0.18
2017	10	10	-0.93
2017	10	11	-0.37
2017	10	12	-0.05
2017	10	13	-0.68
2017	10	14	-0.53
2017	10	15	-0.92
2017	10	16	0.15
2017	10	17	1.53
2017	10	18	6.94
2017	10	19	1.31
2017	10	20	0.69
2017	10	21	13.96
2017	10	22	1.69
2017	10	23	0.16
2017	10	24	0.22
2017	10	25	3.03
2017	10	26	0.32
2017	10	27	0.30
2017	10	28	0.12
2017	10	29	0.52
2017	10	30	0.12
2017	11	3	1.58
2017	11	4	2.40
2017	11	5	4.18
2017	11	6	2.69
2017	11	7	23.71
2017	11	8	0.95
2017	11	9	0.42
2017	11	10	0.17
2017	11	11	2.02
2017	11	12	4.00
2017	11	13	14.33
2017	11	14	4.78
2017	11	15	3.84
2017	11	16	2.25
2017	11	17	0.65
2017	11	18	9.84
2017	11	19	6.25
2017	11	20	0.75
2017	11	21	2.81
2017	11	22	0.63
2017	11	23	0.64
2017	11	24	1.60
2017	11	25	4.14
2017	11	26	4.34
2017	11	27	1.28
2017	11	28	19.58
2017	11	29	2.32
2017	11	30	6.17
2017	12	1	2.38
2017	12	2	0.76
2017	12	3	1.81
2017	12	4	0.25
2017	12	5	0.21
2017	12	6	0.16
2017	12	7	0.02
2017	12	8	0.29
2017	12	9	0.60
2017	12	10	0.22
2017	12	11	0.27
2017	12	12	0.74
2017	12	13	0.51
2017	12	14	0.19
2017	12	15	1.43
2017	12	16	2.60
2017	12	17	4.76
2017	12	18	0.29
2017	12	19	2.20
2017	12	20	10.22
2017	12	21	0.35
2017	12	22	0.72
2017	12	23	2.30
2017	12	24	0.26
2017	12	25	0.63
2017	12	26	0.30
2017	12	27	0.27
2017	12	28	1.02
2017	12	29	0.93
2017	12	30	1.83
2017	12	31	0.21
2018	1	1	0.13
2018	1	2	0.16
2018	1	3	0.18
2018	1	4	0.17
2018	1	5	0.06
2018	1	6	0.40
2018	1	7	15.85
2018	1	8	4.03
2018	1	9	0.35
2018	1	10	0.43
2018	1	11	0.54
2018	1	12	0.41
2018	1	13	0.11
2018	1	14	0.11
2018	1	15	0.25
2018	1	16	1.10
2018	1	19	8.94
2018	1	20	8.03
2018	1	21	4.56
2018	1	22	0.46
2018	1	23	25.41
2018	1	24	5.78
2018	1	25	0.67
2018	1	26	0.23
2018	1	27	2.21
2018	1	28	4.21
2018	1	29	2.30
2018	1	30	0.77
2018	1	31	1.50
2018	2	1	0.94
2018	2	2	2.25
2018	2	3	0.10
2018	2	4	0.09
2018	2	5	0.09
2018	2	6	0.15
2018	2	7	0.07
2018	2	8	2.77
2018	2	9	3.03
2018	2	10	0.91
2018	2	11	1.96
2018	2	12	1.53
2018	2	13	0.42
2018	2	14	1.20
2018	2	15	0.85
2018	2	16	1.13
2018	2	17	3.00
2018	2	18	11.43
2018	2	19	2.98
2018	2	20	1.06
2018	2	21	1.19
2018	2	22	0.71
2018	2	26	1.08
2018	2	27	0.72
2018	2	28	6.24
2018	3	1	2.45
2018	3	2	0.35
2018	3	3	0.48
2018	3	4	1.02
2018	3	5	0.19
2018	3	6	0.15
2018	3	7	0.35
2018	3	8	0.33
2018	3	9	0.48
2018	3	10	0.16
2018	3	11	0.08
2018	3	12	0.02
2018	3	13	0.00
2018	3	14	-0.34
2018	3	15	-0.70
2018	3	16	-0.21
2018	3	17	-0.49
2018	3	18	-0.20
2018	3	19	-8.10
2018	3	20	-1.78
2018	3	21	-1.62
2018	3	22	-5.96
2018	3	23	-7.15
2018	3	24	-4.44
2018	3	25	-0.74
2018	3	26	-8.49
2018	3	27	-0.35
2018	3	29	-0.72
2018	3	30	-3.07
2018	3	31	-0.73
2018	4	1	-2.92
2018	4	2	-2.79
2018	4	3	-0.32
2018	4	4	-0.34
2018	4	5	-0.34
2018	4	6	-0.11
2018	4	7	-0.53
2018	4	8	-1.34
2018	4	9	-0.90
2018	4	10	-0.56
2018	4	11	-0.75
2018	4	12	-0.44
2018	4	13	-0.78
2018	4	14	-0.35
2018	4	15	-0.37
2018	4	16	-0.50
2018	4	17	-0.37
2018	4	18	-0.47
2018	4	19	-0.83
2018	4	20	-2.95
2018	4	21	-5.46
2018	4	22	-1.79
2018	4	23	-0.60
2018	4	24	-0.60
2018	4	25	-1.12
2018	4	26	-0.51
2018	4	27	-0.48
2018	5	3	-0.18
2018	5	4	-1.04
2018	5	5	-0.86
2018	5	6	-0.53
2018	5	7	-1.33
2018	5	8	-0.26
2018	5	9	-2.64
2018	5	10	-0.86
2018	5	11	-4.18
2018	5	12	-1.68
2018	5	13	-0.74
2018	5	14	-0.32
2018	5	15	-0.67
2018	5	16	-0.84
2018	5	17	-1.97
2018	5	18	-1.64
2018	5	19	-0.80
2018	5	20	-0.74
2018	5	21	-0.98
2018	5	22	-0.63
2018	5	23	-0.36
2018	5	24	-0.71
2018	5	25	-1.53
2018	5	26	-1.75
2018	5	27	-1.62
2018	5	28	-5.81
2018	5	29	-10.82
2018	5	30	-3.89
2018	5	31	-1.13
2018	6	1	-2.48
2018	6	2	-3.93
2018	6	5	-5.31
2018	6	6	-1.47
2018	6	7	-1.63
2018	6	8	-1.89
2018	6	9	-2.24
2018	6	10	                      NaN
2018	6	11	-3.04
2018	6	12	-2.22
2018	6	13	-2.45
2018	6	14	-0.73
2018	6	15	-6.23
2018	6	16	-2.80
2018	6	17	-0.58
2018	6	18	-0.53
2018	6	19	-0.46
2018	6	20	-0.17
2018	6	21	-1.92
2018	6	22	-1.17
2018	6	23	-1.57
2018	6	24	-0.40
2018	6	25	-1.00
2018	6	26	-2.82
2018	6	27	-2.54
2018	6	28	-1.36
2018	6	29	-0.71
2018	6	30	-0.60
2018	7	1	-3.38
2018	7	2	-6.67
2018	7	3	0.47
2018	7	4	-0.14
2018	7	5	-0.20
2018	7	6	-1.88
2018	7	7	-2.90
2018	7	8	-0.78
2018	7	9	-0.41
2018	7	10	-2.56
2018	7	11	-3.34
2018	7	12	-2.93
2018	7	16	1.91
2018	7	17	1.62
2018	7	18	4.04
2018	7	19	-1.22
2018	7	20	-3.12
2018	7	21	-2.76
2018	7	22	-0.93
2018	7	23	-0.48
2018	7	24	-0.53
2018	7	25	-0.91
2018	7	26	-0.59
2018	8	1	-2.92
2018	8	2	-2.43
2018	8	3	-2.92
2018	8	4	-1.81
2018	8	5	-0.69
2018	8	6	-0.42
2018	8	7	-0.67
2018	8	8	-0.59
2018	8	9	-0.36
2018	8	10	-0.84
2018	8	11	-0.70
2018	8	12	                      NaN
2018	8	13	-0.95
2018	8	14	-0.83
2018	8	15	-0.95
2018	8	16	-2.40
2018	8	17	-5.35
2018	8	18	-2.77
2018	8	19	-0.52
2018	8	20	-1.36
2018	8	21	-0.17
2018	8	22	-1.11
2018	8	23	-7.46
2018	8	24	-4.73
2018	8	25	-0.89
2018	8	26	-1.38
2018	8	27	-2.09
2018	8	28	-3.06
2018	8	29	-1.01
2018	8	30	-1.36
2018	8	31	-1.00
2018	9	1	-4.27
2018	9	2	-2.06
2018	9	3	-3.67
2018	9	4	-1.89
2018	9	5	-0.75
2018	9	6	-0.25
2018	9	7	-2.83
2018	9	8	-1.23
2018	9	9	-4.69
2018	9	10	-1.34
2018	9	11	-0.88
2018	9	12	-0.45
2018	9	13	-0.31
2018	9	14	-0.43
2018	9	15	-1.45
2018	9	16	-1.44
2018	9	17	-0.28
2018	9	18	-0.46
2018	9	19	-0.09
2018	9	20	-1.31
2018	9	21	-1.45
2018	9	22	-0.92
2018	9	23	-1.81
2018	9	24	-0.54
2018	9	25	-0.29
2018	9	26	-1.10
2018	9	27	-2.24
2018	9	28	-0.27
2018	9	29	-0.22
2018	9	30	-0.75
2018	10	1	-0.58
2018	10	2	-4.29
2018	10	3	-0.66
2018	10	4	-0.20
2018	10	5	-0.02
2018	10	6	0.09
2018	10	7	0.94
2018	10	8	0.04
2018	10	9	0.15
2018	10	10	0.25
2018	10	11	0.23
2018	10	12	0.31
2018	10	13	0.85
2018	10	14	0.39
2018	10	15	0.25
2018	10	16	0.06
2018	10	17	-0.01
2018	10	18	-0.33
2018	10	19	-0.11
2018	10	20	-1.77
2018	10	21	-0.64
2018	10	22	-0.25
2018	10	23	-0.42
2018	10	24	-0.54
2018	10	25	-1.74
2018	10	26	-3.20
2018	10	27	-0.87
2018	10	28	-1.44
2018	10	29	-0.73
2018	10	30	-0.02
2018	10	31	0.02
2018	11	1	0.33
2018	11	2	0.14
2018	11	3	0.20
2018	11	4	1.66
2018	11	5	0.20
2018	11	6	0.34
2018	11	7	0.21
2018	11	8	0.21
2018	11	9	0.44
2018	11	10	0.14
2018	11	11	0.26
2018	11	12	0.14
2018	11	13	0.58
2018	11	14	1.27
2018	11	15	0.28
2018	11	16	0.33
2018	11	17	0.39
2018	11	18	0.29
2018	11	19	0.88
2018	11	20	0.28
2018	11	21	0.64
2018	11	22	2.61
2018	11	23	1.17
2018	11	24	0.42
2018	11	29	0.89
2018	11	30	0.39
2018	12	1	0.63
2018	12	2	0.31
2018	12	3	0.73
2018	12	4	0.17
2018	12	5	0.24
2018	12	6	0.16
2018	12	7	1.30
2018	12	8	0.37
2018	12	9	5.25
2018	12	10	1.49
2018	12	11	39.53
2018	12	13	6.19
2018	12	14	9.64
2018	12	15	16.98
2018	12	16	36.92
2018	12	17	2.49
2018	12	18	1.13
2018	12	19	1.01
2018	12	20	10.98
2018	12	21	4.27
2018	12	22	15.60
2018	12	23	10.33
2018	12	24	0.37
2018	12	25	0.53
2018	12	27	0.99
2018	12	28	4.09
2018	12	29	1.43
2018	12	30	4.07
2018	12	31	0.55
2019	1	1	0.37
2019	1	2	10.85
2019	1	3	4.47
2019	1	4	3.21
2019	1	5	1.23
2019	1	6	2.99
2019	1	7	0.66
2019	1	8	1.38
2019	1	9	0.20
2019	1	11	0.24
2019	1	12	0.13
2019	1	13	0.16
2019	1	14	0.06
2019	1	15	0.12
2019	1	16	0.59
2019	1	17	0.35
2019	1	18	3.18
2019	1	19	5.88
2019	1	20	0.85
2019	1	21	0.63
2019	1	23	1.45
2019	1	24	0.17
2019	1	25	0.38
2019	1	26	0.29
2019	1	27	0.32
2019	1	28	0.34
2019	1	29	0.56
2019	1	30	0.08
2019	1	31	0.14
2019	2	1	2.58
2019	2	2	8.68
2019	2	3	9.83
2019	2	4	12.74
2019	2	5	2.70
2019	2	6	1.14
2019	2	7	0.81
2019	2	8	4.30
2019	2	9	34.89
2019	2	10	7.66
2019	2	11	3.14
2019	2	12	3.35
2019	2	13	2.50
2019	2	14	0.82
2019	2	15	0.63
2019	2	16	1.89
2019	2	17	6.83
2019	2	18	1.11
2019	2	19	0.16
2019	2	20	1.03
2019	2	21	1.79
2019	2	22	3.66
2019	2	23	0.18
2019	2	25	7.02
2019	2	26	4.79
2019	2	27	0.48
2019	2	28	0.86
2019	3	1	0.61
2019	3	2	0.20
2019	3	4	1.70
2019	3	5	1.15
2019	3	6	1.21
2019	3	7	1.58
2019	3	8	3.71
2019	3	9	0.77
2019	3	10	0.66
2019	3	11	3.80
2019	3	12	5.61
2019	3	13	0.75
2019	3	14	1.23
2019	3	15	0.02
2019	3	16	-0.01
2019	3	17	-0.04
2019	3	18	-0.05
2019	3	19	-0.08
2019	3	20	-0.19
2019	3	21	-0.11
2019	3	22	-1.32
2019	3	23	-0.40
2019	3	24	-0.36
2019	3	25	-0.19
2019	3	26	-0.91
2019	3	27	-0.27
2019	3	28	-0.23
2019	3	29	-0.30
2019	3	30	-0.30
2019	3	31	-0.78
2019	4	1	-0.88
2019	4	2	-1.03
2019	4	3	-0.36
2019	4	4	-1.41
2019	4	5	-1.78
2019	4	6	-5.52
2019	4	7	-2.23
2019	4	8	-0.70
2019	4	9	-3.47
2019	4	10	-0.58
2019	4	11	-0.20
2019	4	12	-0.25
2019	4	13	-0.13
2019	4	16	-0.03
2019	4	17	-0.18
2019	4	18	-0.40
2019	4	19	-0.04
2019	4	22	-0.71
2019	4	23	-0.95
2019	4	24	-0.69
2019	4	25	-0.49
2019	4	26	-3.14
2019	4	27	-6.47
2019	4	28	-1.44
2019	4	29	-0.38
2019	4	30	-1.41
2019	5	1	-1.75
2019	5	2	-2.68
2019	5	3	-4.64
2019	5	4	-10.46
2019	5	5	-13.31
2019	5	6	-3.88
2019	5	7	-5.31
2019	5	8	-2.38
2019	5	9	-0.76
2019	5	10	-0.55
2019	5	11	-2.06
2019	5	12	-2.16
2019	5	13	-0.41
2019	5	14	-0.99
2019	5	15	-1.03
2019	5	16	-0.34
2019	5	17	-3.14
2019	5	18	-3.68
2019	5	19	-0.79
2019	5	20	-1.10
2019	5	21	-4.71
2019	5	22	-2.69
2019	5	23	-3.08
2019	5	24	-10.96
2019	5	25	-4.24
2019	5	26	-0.17
2019	5	27	-0.18
2019	5	28	-2.42
2019	5	29	-0.87
2019	5	30	-0.82
2019	5	31	-0.41
2019	6	1	-3.86
2019	6	2	-1.78
2019	6	3	-1.32
2019	6	4	-2.29
2019	6	5	-1.48
2019	6	6	-1.71
2019	6	7	-1.49
2019	6	8	-3.43
2019	6	9	-1.14
2019	6	10	-0.58
2019	6	11	-0.45
2019	6	12	-0.34
2019	6	13	-3.35
2019	6	14	-2.59
2019	6	15	-0.89
2019	6	16	-1.35
2019	6	17	-1.76
2019	6	18	-3.64
2019	6	21	-1.25
2019	6	22	-0.23
2019	6	23	-1.20
2019	6	24	-2.68
2019	6	25	-1.29
2019	6	26	-0.98
2019	6	27	-2.51
2019	6	28	-0.17
2019	7	8	-4.34
2019	7	9	-0.67
2019	7	10	-2.04
2019	7	11	-0.42
2019	7	12	-0.94
2019	7	13	-0.74
2019	7	14	-0.46
2019	7	15	-1.06
2019	7	16	-1.68
2019	7	17	-1.56
2019	7	18	-1.18
2019	7	19	-0.67
2019	7	20	-0.62
2019	7	21	-0.29
2019	7	22	-0.54
2019	7	23	-0.42
2019	7	25	-0.36
2019	7	26	-0.37
2019	7	29	-1.65
2019	7	30	-1.08
2019	7	31	-0.43
2019	8	1	-0.66
2019	8	2	-1.26
2019	8	3	-0.64
2019	8	4	-0.99
2019	8	5	-0.63
2019	8	6	-0.68
2019	8	7	-0.54
2019	8	8	-1.51
2019	8	9	-0.76
2019	8	10	-0.97
2019	8	11	-2.04
2019	8	12	-1.94
2019	8	13	-0.60
2019	8	14	-0.77
2019	8	15	-1.74
2019	8	16	-8.34
2019	8	17	-1.86
2019	8	18	-2.05
2019	8	19	-2.95
2019	8	20	-1.64
2019	8	21	-6.72
2019	8	22	-3.65
2019	8	23	-0.98
2019	8	24	-0.69
2019	8	25	-5.53
2019	8	26	-1.96
2019	8	27	-2.10
2019	8	28	-1.40
2019	8	29	-0.42
2019	8	30	-0.39
2019	8	31	-0.87
2019	9	1	-0.37
2019	9	2	-1.01
2019	9	3	-0.48
2019	9	4	-0.40
2019	9	5	-0.54
2019	9	6	-0.33
2019	9	9	-0.67
2019	9	10	-0.15
2019	9	11	-0.39
2019	9	12	-5.92
2019	9	13	-0.42
2019	9	14	-1.15
2019	9	15	-0.15
2019	9	16	-0.08
2019	9	17	-1.88
2019	9	18	-0.09
2019	9	19	-0.02
2019	9	20	-0.39
2019	9	21	-0.23
2019	9	22	-1.57
2019	9	23	-0.27
2019	9	24	-0.12
2019	9	25	-0.09
2019	9	26	-0.51
2019	9	27	5.00
2019	9	28	20.38
2019	9	29	6.63
2019	9	30	1.94
2019	10	1	0.51
2019	10	2	0.05
2019	10	3	0.67
2019	10	4	0.46
2019	10	5	0.42
2019	10	6	0.05
2019	10	7	1.04
2019	10	8	3.28
2019	10	9	2.67
2019	10	10	0.43
2019	10	11	0.13
2019	10	12	0.08
2019	10	13	-3.30
2019	10	14	-0.83
2019	10	15	-1.11
2019	10	16	-1.53
2019	10	17	1.36
2019	10	18	0.23
2019	10	19	0.15
2019	10	20	1.77
2019	10	21	1.53
2019	10	22	2.37
2019	10	23	1.94
2019	10	24	0.44
2019	10	25	4.53
2019	10	26	5.01
2019	10	27	1.30
2019	10	28	0.33
2019	10	29	0.23
2019	10	30	0.09
2019	10	31	0.05
2019	11	1	0.04
2019	11	2	-0.06
2019	11	3	-0.06
2019	11	4	0.00
2019	11	5	0.00
2019	11	6	-0.02
2019	11	7	-0.01
2019	11	8	0.00
2019	11	9	0.05
2019	11	10	-0.05
2019	11	11	0.00
2019	11	12	0.02
2019	11	13	0.01
2019	11	15	0.01
2019	11	16	0.63
2019	11	17	1.91
2019	11	18	0.15
2019	11	20	0.44
2019	11	21	0.21
2019	11	22	0.20
2019	11	23	1.70
2019	11	24	2.27
2019	11	25	6.58
2019	11	26	1.25
2019	11	27	14.54
2019	11	28	12.54
2019	11	29	1.05
2019	11	30	0.54
2019	12	1	0.82
2019	12	2	0.25
2019	12	3	0.16
2019	12	4	1.29
2019	12	5	0.98
2019	12	6	0.18
2019	12	7	0.09
2019	12	8	0.27
2019	12	9	0.13
2019	12	10	4.69
2019	12	11	8.10
2019	12	12	4.42
2019	12	13	0.20
2019	12	14	0.26
2019	12	15	1.17
2019	12	16	19.95
2019	12	17	13.20
2019	12	18	                      NaN
2019	12	19	18.91
2019	12	20	1.43
2019	12	21	0.39
2019	12	22	9.32
2019	12	23	0.97
2019	12	24	17.36
2019	12	25	2.28
2019	12	30	6.81
2019	12	31	2.55
2020	1	1	2.06
2020	1	2	8.47
2020	1	3	11.80
2020	1	4	2.23
2020	1	5	8.12
2020	1	6	4.57
2020	1	7	0.46
2020	1	8	0.48
2020	1	9	1.35
2020	1	10	26.88
2020	1	11	2.15
2020	1	12	7.91
2020	1	13	9.44
2020	1	14	5.38
2020	1	15	4.87
2020	1	16	3.90
2020	1	17	0.80
2020	1	18	19.96
2020	1	19	6.38
2020	1	20	3.59
2020	1	21	5.26
2020	1	22	4.95
2020	1	23	4.61
2020	1	24	1.54
2020	1	25	2.19
2020	1	26	5.97
2020	1	27	3.27
2020	1	28	2.25
2020	1	29	4.69
2020	1	30	4.22
2020	1	31	2.02
2020	2	1	7.49
2020	2	2	2.58
2020	2	3	4.96
2020	2	4	6.81
2020	2	5	6.39
2020	2	6	0.12
2020	2	7	2.12
2020	2	8	6.39
2020	2	9	0.66
2020	2	10	0.99
2020	2	11	0.27
2020	2	12	0.35
2020	2	13	3.52
2020	2	14	0.87
2020	2	15	2.11
2020	2	16	0.87
2020	2	17	1.82
2020	2	18	0.39
2020	2	19	0.39
2020	2	20	0.18
2020	2	21	0.12
2020	2	22	0.44
2020	2	23	5.51
2020	2	24	0.72
2020	2	25	2.94
2020	2	26	0.72
2020	2	27	0.21
2020	2	28	1.04
2020	2	29	2.00
2020	3	1	1.46
2020	3	2	1.04
2020	3	3	0.48
2020	3	4	0.84
2020	3	5	5.48
2020	3	6	0.52
2020	3	7	0.43
2020	3	8	0.44
2020	3	9	0.66
2020	3	10	4.70
2020	3	11	2.97
2020	3	12	7.60
2020	3	13	6.40
2020	3	14	13.78
2020	3	15	3.37
2020	3	16	1.25
2020	3	17	0.91
2020	3	18	0.75
2020	3	19	0.25
2020	3	20	0.13
2020	3	21	-0.69
2020	3	22	-0.99
2020	3	23	-3.26
2020	3	24	-1.65
2020	3	25	-1.20
2020	3	26	-1.22
2020	3	27	-5.94
2020	3	28	-3.43
2020	3	29	-1.92
2020	3	30	-5.14
2020	3	31	-3.52
2020	4	1	-2.89
2020	4	2	-1.43
2020	4	3	-2.77
2020	4	4	-0.74
2020	4	5	-0.83
2020	4	6	-0.74
2020	4	7	-7.55
2020	4	8	-1.10
2020	4	9	-0.41
2020	4	10	-1.98
2020	4	11	-1.15
2020	4	12	-0.23
2020	4	13	-0.18
2020	4	14	-0.84
2020	4	15	-1.24
2020	4	16	-0.44
2020	4	17	-1.09
2020	4	18	-1.51
2020	4	19	-2.76
2020	4	20	-2.02
2020	4	21	-2.86
2020	4	22	-2.47
2020	4	23	-3.11
2020	4	24	-3.20
2020	4	25	-4.07
2020	4	27	-2.51
2020	4	28	-3.67
2020	4	29	-1.07
2020	4	30	-5.30
2020	5	1	-2.50
2020	5	2	-1.61
2020	5	3	-2.26
2020	5	4	-3.16
2020	5	5	-1.77
2020	5	6	-1.34
2020	5	7	-0.76
2020	5	8	-0.60
2020	5	9	-0.38
2020	5	10	-0.18
2020	5	11	-0.46
2020	5	12	-0.84
2020	5	13	-0.28
2020	5	14	-7.56
2020	5	15	-2.57
2020	5	16	-2.74
2020	5	17	-0.96
2020	5	18	-1.30
2020	5	19	-2.29
2020	5	20	-3.55
2020	6	1	-6.51
2020	6	2	-2.47
2020	6	3	-0.80
2020	6	4	-0.93
2020	6	5	-1.10
2020	6	6	-1.00
2020	6	7	-6.23
2020	6	8	-5.30
2020	6	9	-0.78
2020	6	10	-0.70
2020	6	11	-0.76
2020	6	12	-1.28
2020	6	13	-1.11
2020	6	14	-1.38
2020	6	15	-1.40
2020	6	16	-1.31
2020	6	17	-1.61
2020	6	18	-0.54
2020	6	19	-0.71
2020	6	20	-0.03
2020	6	22	-0.84
2020	6	23	-0.16
2020	6	24	-2.32
2020	6	25	-1.33
2020	6	26	-0.21
2020	6	27	-2.66
2020	6	28	-1.67
2020	6	29	-3.60
2020	6	30	-11.56
2020	7	1	-11.59
2020	7	2	-5.48
2020	7	3	-3.50
2020	7	4	-2.56
2020	7	5	-2.84
2020	7	6	-0.86
2020	7	7	-0.91
2020	7	8	-0.34
2020	7	9	-1.04
2020	7	10	-1.30
2020	7	11	-0.97
2020	7	12	-0.50
2020	7	13	-1.06
2020	7	14	-0.97
2020	7	15	-3.26
2020	7	16	-1.96
2020	7	17	-3.73
2020	7	18	-4.41
2020	7	19	-4.39
2020	7	20	-0.63
2020	7	21	-0.39
2020	7	22	-0.43
2020	7	23	-1.84
2020	7	24	-5.44
2020	7	25	-4.32
2020	7	26	-1.51
2020	7	27	-1.57
2020	7	28	-1.26
2020	7	29	-0.43
2020	7	30	-0.28
2020	7	31	-0.82
2020	8	1	-2.19
2020	8	2	-0.96
2020	8	3	-0.88
2020	8	4	-0.75
2020	8	5	-1.27
2020	8	6	-2.11
2020	8	7	-3.07
2020	8	8	-3.67
2020	8	9	-1.33
2020	8	10	-2.54
2020	8	11	-3.07
2020	8	12	-5.65
2020	8	13	-0.42
2020	8	14	-0.86
2020	8	15	-0.76
2020	8	16	-0.46
2020	8	17	-2.23
2020	8	18	-2.76
2020	8	19	-1.08
2020	8	20	-3.36
2020	8	21	-2.96
2020	8	22	-0.99
2020	8	23	-0.95
2020	8	24	-1.91
2020	8	25	-2.53
2020	8	26	-2.72
2020	8	27	-1.88
2020	8	28	-1.98
2020	8	29	-7.26
2020	8	30	0.55
2020	8	31	-0.99
2020	9	1	-0.33
2020	9	2	-3.98
2020	9	3	-0.82
2020	9	4	-0.95
2020	9	5	-1.29
2020	9	6	-3.81
2020	9	7	-5.27
2020	9	8	-0.71
2020	9	9	-0.14
2020	9	10	-0.30
2020	9	11	-0.44
2020	9	12	-0.85
2020	9	13	-0.23
2020	9	14	-0.32
2020	9	15	-0.19
2020	9	16	-0.20
2020	9	17	-0.12
2020	9	18	-0.29
2020	9	19	-0.41
2020	9	20	-1.41
2020	9	21	-0.50
2020	9	22	-0.83
2020	9	23	-2.44
2020	9	24	-0.46
2020	9	25	-1.16
2020	9	26	0.07
2020	9	27	0.05
2020	9	28	0.00
2020	9	29	-0.02
2020	9	30	-0.03
2020	10	1	-0.02
2020	10	9	1.17
2020	10	10	3.14
2020	10	18	0.33
2020	10	19	0.27
2020	10	20	0.25
2020	10	21	1.58
2020	10	22	0.87
2020	10	23	11.43
2020	10	24	8.74
2020	10	25	1.11
2020	10	26	0.16
2020	10	27	2.64
2020	10	28	0.10
2020	10	29	1.49
2020	10	30	7.80
2020	10	31	2.48
2020	11	1	0.52
2020	11	2	0.90
2020	11	3	3.44
2020	11	4	1.58
2020	11	5	0.80
2020	11	6	7.36
2020	11	7	30.82
2020	11	8	20.60
2020	11	9	34.93
2020	11	10	1.70
2020	11	11	0.73
2020	11	12	16.76
2020	11	13	8.88
2020	11	14	20.60
2020	11	15	13.17
2020	11	16	0.57
2020	11	17	13.48
2020	11	18	1.24
2020	11	19	0.84
2020	11	20	2.61
2020	11	21	3.35
2020	11	22	4.08
2020	11	23	9.14
2020	11	24	9.51
2020	11	25	0.39
2020	11	26	0.32
2020	11	27	6.91
2020	11	28	1.26
2020	11	29	7.33
2020	11	30	6.72
2020	12	1	0.90
2020	12	2	0.47
2020	12	3	1.02
2020	12	4	0.14
2020	12	5	0.17
2020	12	6	1.44
2020	12	7	6.00
2020	12	8	1.06
2020	12	9	0.56
2020	12	10	6.37
2020	12	11	0.37
2020	12	12	1.60
2020	12	13	4.85
2020	12	14	0.40
2020	12	15	12.98
2020	12	16	4.91
2020	12	17	1.71
2020	12	18	5.59
2020	12	19	9.07
2020	12	20	2.46
2020	12	21	4.55
2020	12	22	17.70
2020	12	23	3.12
2020	12	24	0.68
2020	12	25	1.66
2020	12	26	1.25
2020	12	27	2.01
2020	12	28	0.24
2020	12	29	3.08
2020	12	30	13.36
2020	12	31	1.56
2021	1	1	7.25
2021	1	2	3.49
2021	1	3	0.36
2021	1	4	7.12
2021	1	5	11.21
2021	1	6	2.89
2021	1	7	2.63
2021	1	8	3.88
2021	1	9	5.82
2021	1	10	7.66
2021	1	11	3.54
2021	1	12	2.50
2021	1	13	0.92
2021	1	14	1.88
2021	1	15	2.26
2021	1	16	1.20
2021	1	17	1.46
2021	1	18	1.01
2021	1	19	0.20
2021	1	20	0.39
2021	1	21	0.36
2021	1	22	0.54
2021	1	23	0.33
2021	1	24	2.83
2021	1	25	0.11
2021	1	26	10.50
2021	1	27	0.67
2021	1	28	0.26
2021	1	29	0.21
2021	1	30	15.11
2021	1	31	7.60
2021	2	1	1.27
2021	2	2	0.61
2021	2	3	0.86
2021	2	4	0.45
2021	2	5	0.45
2021	2	6	2.67
2021	2	7	4.77
2021	2	8	3.67
2021	2	9	1.23
2021	2	10	0.94
2021	2	11	                      NaN
2021	2	12	                      NaN
2021	2	13	                      NaN
2021	2	14	                      NaN
2021	2	15	                      NaN
2021	2	16	                      NaN
2021	2	17	                      NaN
2021	2	18	                      NaN